# Total System
#     Total System : q activity
  0.000002175   0.0
  0.000002175   0.4
  0.002942815   0.4
  0.002942815   0.0
  0.266478108   0.0
  0.266478108   0.4
  0.266478108   0.4
  0.266478108   0.0
  0.986576355   0.0
  0.986576355   0.4
  1.307132976   0.4
  1.307132976   0.0
  1.488134432   0.0
  1.488134432   0.4
  1.489443675   0.4
  1.489443675   0.0
  1.604485340   0.0
  1.604485340   0.4
  1.605362416   0.4
  1.605362416   0.0
  1.753358149   0.0
  1.753358149   0.4
  1.850319063   0.4
  1.850319063   0.0
  1.998550717   0.0
  1.998550717   0.4
  2.099528616   0.4
  2.099528616   0.0
  2.483502749   0.0
  2.483502749   0.4
  2.564929069   0.4
  2.564929069   0.0
  2.824673499   0.0
  2.824673499   0.4
  2.825439658   0.4
  2.825439658   0.0
  3.162140876   0.0
  3.162140876   0.4
  3.256547424   0.4
  3.256547424   0.0
  3.508053389   0.0
  3.508053389   0.4
  3.640985664   0.4
  3.640985664   0.0
  4.015983466   0.0
  4.015983466   0.4
  4.123818029   0.4
  4.123818029   0.0
  4.354842510   0.0
  4.354842510   0.4
  4.428264338   0.4
  4.428264338   0.0
  4.692545276   0.0
  4.692545276   0.4
  4.692545276   0.4
  4.692545276   0.0
  5.033577095   0.0
  5.033577095   0.4
  5.035336089   0.4
  5.035336089   0.0
  5.175831226   0.0
  5.175831226   0.4
  5.178084969   0.4
  5.178084969   0.0
  5.387025792   0.0
  5.387025792   0.4
  5.427309619   0.4
  5.427309619   0.0
  6.027565583   0.0
  6.027565583   0.4
  6.027565583   0.4
  6.027565583   0.0
  8.873668619   0.0
  8.873668619   0.4
  8.917312401   0.4
  8.917312401   0.0
  9.201766528   0.0
  9.201766528   0.4
  9.202822913   0.4
  9.202822913   0.0
  9.894487338   0.0
  9.894487338   0.4
  9.895223689   0.4
  9.895223689   0.0
 11.594936748   0.0
 11.594936748   0.4
 11.736111004   0.4
 11.736111004   0.0
 14.063943269   0.0
 14.063943269   0.4
 14.100660658   0.4
 14.100660658   0.0
 14.238734648   0.0
 14.238734648   0.4
 14.239500129   0.4
 14.239500129   0.0
 14.365536925   0.0
 14.365536925   0.4
 14.365536925   0.4
 14.365536925   0.0
 21.002421761   0.0
 21.002421761   0.4
 21.002848120   0.4
 21.002848120   0.0
 23.054421053   0.0
 23.054421053   0.4
 23.055453702   0.4
 23.055453702   0.0
 23.156149638   0.0
 23.156149638   0.4
 23.156806521   0.4
 23.156806521   0.0
 23.461576688   0.0
 23.461576688   0.4
 23.462479792   0.4
 23.462479792   0.0
 24.215929284   0.0
 24.215929284   0.4
 24.233585533   0.4
 24.233585533   0.0
 25.058219609   0.0
 25.058219609   0.4
 25.703607837   0.4
 25.703607837   0.0
 26.702392714   0.0
 26.702392714   0.4
 27.010718340   0.4
 27.010718340   0.0
 30.986390825   0.0
 30.986390825   0.4
 30.986464495   0.4
 30.986464495   0.0
 33.034493131   0.0
 33.034493131   0.4
 33.035426450   0.4
 33.035426450   0.0
 36.106408592   0.0
 36.106408592   0.4
 36.107399969   0.4
 36.107399969   0.0
 41.226496849   0.0
 41.226496849   0.4
 41.241236134   0.4
 41.241236134   0.0
 43.967774233   0.0
 43.967774233   0.4
 44.002659018   0.4
 44.002659018   0.0
 44.107123167   0.0
 44.107123167   0.4
 44.154919615   0.4
 44.154919615   0.0
 45.132713839   0.0
 45.132713839   0.4
 45.219096542   0.4
 45.219096542   0.0
 46.858522188   0.0
 46.858522188   0.4
 46.859289806   0.4
 46.859289806   0.0
 49.789151078   0.0
 49.789151078   0.4
 49.789151078   0.4
 49.789151078   0.0
 53.002500102   0.0
 53.002500102   0.4
 53.003091180   0.4
 53.003091180   0.0

#     Total System : c activity
  0.002267139   0.5
  0.002267139   0.9
  0.026299086   0.9
  0.026299086   0.5
  0.267019252   0.5
  0.267019252   0.9
  0.267019252   0.9
  0.267019252   0.5
  0.987136030   0.5
  0.987136030   0.9
  1.307375270   0.9
  1.307375270   0.5
  1.488458362   0.5
  1.488458362   0.9
  1.640637239   0.9
  1.640637239   0.5
  1.753696937   0.5
  1.753696937   0.9
  1.873060459   0.9
  1.873060459   0.5
  1.999303557   0.5
  1.999303557   0.9
  2.130111705   0.9
  2.130111705   0.5
  2.483780488   0.5
  2.483780488   0.9
  2.589585765   0.9
  2.589585765   0.5
  2.825060357   0.5
  2.825060357   0.9
  2.852435637   0.9
  2.852435637   0.5
  3.162428687   0.5
  3.162428687   0.9
  3.298213499   0.9
  3.298213499   0.5
  3.508430636   0.5
  3.508430636   0.9
  3.683893562   0.9
  3.683893562   0.5
  4.016348485   0.5
  4.016348485   0.9
  4.151181286   0.9
  4.151181286   0.5
  4.367049068   0.5
  4.367049068   0.9
  4.428577009   0.9
  4.428577009   0.5
  4.692712454   0.5
  4.692712454   0.9
  4.692712454   0.9
  4.692712454   0.5
  5.033937929   0.5
  5.033937929   0.9
  5.062161878   0.9
  5.062161878   0.5
  5.176167912   0.5
  5.176167912   0.9
  5.203998708   0.9
  5.203998708   0.5
  5.387665886   0.5
  5.387665886   0.9
  5.450855797   0.9
  5.450855797   0.5
  6.047416092   0.5
  6.047416092   0.9
  6.047416092   0.9
  6.047416092   0.5
  8.887679787   0.5
  8.887679787   0.9
  8.918966283   0.9
  8.918966283   0.5
  9.202178523   0.5
  9.202178523   0.9
  9.233490194   0.9
  9.233490194   0.5
  9.894821154   0.5
  9.894821154   0.9
  9.923173638   0.9
  9.923173638   0.5
 11.605927012   0.5
 11.605927012   0.9
 11.752792876   0.9
 11.752792876   0.5
 14.064273731   0.5
 14.064273731   0.9
 14.138121137   0.9
 14.138121137   0.5
 14.239037826   0.5
 14.239037826   0.9
 14.266948376   0.9
 14.266948376   0.5
 14.378940224   0.5
 14.378940224   0.9
 14.378940224   0.9
 14.378940224   0.5
 21.002779879   0.5
 21.002779879   0.9
 21.013762910   0.9
 21.013762910   0.5
 23.054866780   0.5
 23.054866780   0.9
 23.183929279   0.9
 23.183929279   0.5
 23.461993395   0.5
 23.461993395   0.9
 23.498314179   0.9
 23.498314179   0.5
 24.229916002   0.5
 24.229916002   0.9
 24.233970638   0.9
 24.233970638   0.5
 25.069618103   0.5
 25.069618103   0.9
 25.721804157   0.9
 25.721804157   0.5
 26.702900635   0.5
 26.702900635   0.9
 27.011106479   0.9
 27.011106479   0.5
 30.986850441   0.5
 30.986850441   0.9
 30.987470385   0.9
 30.987470385   0.5
 33.035138718   0.5
 33.035138718   0.9
 33.058697302   0.9
 33.058697302   0.5
 36.107232449   0.5
 36.107232449   0.9
 36.113952209   0.9
 36.113952209   0.5
 41.227060091   0.5
 41.227060091   0.9
 41.241182459   0.9
 41.241182459   0.5
 41.498738825   0.5
 41.498738825   0.9
 41.498738825   0.9
 41.498738825   0.5
 43.979937215   0.5
 43.979937215   0.9
 44.002888441   0.9
 44.002888441   0.5
 44.124518772   0.5
 44.124518772   0.9
 44.159677383   0.9
 44.159677383   0.5
 45.147198317   0.5
 45.147198317   0.9
 45.219326179   0.9
 45.219326179   0.5
 46.859085649   0.5
 46.859085649   0.9
 46.881966626   0.9
 46.881966626   0.5
 49.789627199   0.5
 49.789627199   0.9
 49.789627199   0.9
 49.789627199   0.5
 53.003026227   0.5
 53.003026227   0.9
 53.021476123   0.9
 53.021476123   0.5

# Per process
#  Chrome_ChildIOT : q activity

#  Chrome_ChildIOT : c activity
  5.401577245   1.5
  5.401577245   1.9
  5.401577245   1.9
  5.401577245   1.5
 25.484910763   1.5
 25.484910763   1.9
 25.484910763   1.9
 25.484910763   1.5

#  Chrome_IOThread : q activity

#  Chrome_IOThread : c activity
  1.754053564   2.5
  1.754053564   2.9
  1.754053564   2.9
  1.754053564   2.5
  3.188448533   2.5
  3.188448533   2.9
  3.188448533   2.9
  3.188448533   2.5

#       Compositor : q activity

#       Compositor : c activity
  2.484134537   3.5
  2.484134537   3.9
  2.484134537   3.9
  2.484134537   3.5
  5.450663443   3.5
  5.450663443   3.9
  5.450855797   3.9
  5.450855797   3.5
  9.923173638   3.5
  9.923173638   3.9
  9.923173638   3.9
  9.923173638   3.5
 25.485413861   3.5
 25.485413861   3.9
 25.500355128   3.9
 25.500355128   3.5

#  CompositorTileW : q activity

#  CompositorTileW : c activity
  3.196880969   4.5
  3.196880969   4.9
  3.196880969   4.9
  3.196880969   4.5

#         DOM File : q activity
 45.204218307   5.0
 45.204218307   5.4
 45.219096542   5.4
 45.219096542   5.0

#         DOM File : c activity

#      DataStorage : q activity
 49.789151078   6.0
 49.789151078   6.4
 49.789151078   6.4
 49.789151078   6.0

#      DataStorage : c activity

#  Microsoft.VSCod : q activity
  6.027565583   8.0
  6.027565583   8.4
  6.027565583   8.4
  6.027565583   8.0
 11.736111004   8.0
 11.736111004   8.4
 11.736111004   8.4
 11.736111004   8.0
 24.215929284   8.0
 24.215929284   8.4
 24.233585533   8.4
 24.233585533   8.0
 25.058219609   8.0
 25.058219609   8.4
 25.491655404   8.4
 25.491655404   8.0
 25.603727205   8.0
 25.603727205   8.4
 25.603727205   8.4
 25.603727205   8.0

#  Microsoft.VSCod : c activity
 25.343484687   8.5
 25.343484687   8.9
 25.418951122   8.9
 25.418951122   8.5

#  ThreadPoolForeg : q activity
 25.552722458   9.0
 25.552722458   9.4
 25.553912101   9.4
 25.553912101   9.0
 25.671410883   9.0
 25.671410883   9.4
 25.687308858   9.4
 25.687308858   9.0

#  ThreadPoolForeg : c activity
  3.624865688   9.5
  3.624865688   9.9
  3.624865688   9.9
  3.624865688   9.5
  5.176167912   9.5
  5.176167912   9.9
  5.176167912   9.9
  5.176167912   9.5
 11.752792876   9.5
 11.752792876   9.9
 11.752792876   9.9
 11.752792876   9.5

#      Web Content : q activity

#      Web Content : c activity
 26.777312648  10.5
 26.777312648  10.9
 26.777312648  10.9
 26.777312648  10.5
 45.147198317  10.5
 45.147198317  10.9
 45.160280740  10.9
 45.160280740  10.5

#             Xorg : q activity

#             Xorg : c activity
  1.640637239  11.5
  1.640637239  11.9
  1.640637239  11.9
  1.640637239  11.5
  3.640076635  11.5
  3.640076635  11.9
  3.640076635  11.9
  3.640076635  11.5
 11.618393719  11.5
 11.618393719  11.9
 11.618393719  11.9
 11.618393719  11.5
 43.979937215  11.5
 43.979937215  11.9
 43.979937215  11.9
 43.979937215  11.5

#            acpid : q activity

#            acpid : c activity
  1.489416447  12.5
  1.489416447  12.9
  1.489416447  12.9
  1.489416447  12.5

#       bamfdaemon : q activity

#       bamfdaemon : c activity
  0.987136030  13.5
  0.987136030  13.9
  0.987839009  13.9
  0.987839009  13.5

#             code : q activity
  1.488134432  14.0
  1.488134432  14.4
  1.488134432  14.4
  1.488134432  14.0
  1.604485340  14.0
  1.604485340  14.4
  1.604485340  14.4
  1.604485340  14.0
  1.753358149  14.0
  1.753358149  14.4
  1.849659094  14.4
  1.849659094  14.0
  1.998550717  14.0
  1.998550717  14.4
  2.098449870  14.4
  2.098449870  14.0
  2.483502749  14.0
  2.483502749  14.4
  2.564382972  14.4
  2.564382972  14.0
  2.824673499  14.0
  2.824673499  14.4
  2.824673499  14.4
  2.824673499  14.0
  3.162140876  14.0
  3.162140876  14.4
  3.254989180  14.4
  3.254989180  14.0
  3.508053389  14.0
  3.508053389  14.4
  3.639804283  14.4
  3.639804283  14.0
  4.015983466  14.0
  4.015983466  14.4
  4.123099196  14.4
  4.123099196  14.0
  4.428264338  14.0
  4.428264338  14.4
  4.428264338  14.4
  4.428264338  14.0
  5.033577095  14.0
  5.033577095  14.4
  5.033577095  14.4
  5.033577095  14.0
  5.175831226  14.0
  5.175831226  14.4
  5.175831226  14.4
  5.175831226  14.0
  8.873668619  14.0
  8.873668619  14.4
  8.917312401  14.4
  8.917312401  14.0
  9.201766528  14.0
  9.201766528  14.4
  9.201766528  14.4
  9.201766528  14.0
  9.894487338  14.0
  9.894487338  14.4
  9.894487338  14.4
  9.894487338  14.0
 11.594936748  14.0
 11.594936748  14.4
 11.640279370  14.4
 11.640279370  14.0
 14.238734648  14.0
 14.238734648  14.4
 14.238734648  14.4
 14.238734648  14.0
 14.365536925  14.0
 14.365536925  14.4
 14.365536925  14.4
 14.365536925  14.0
 23.054421053  14.0
 23.054421053  14.4
 23.054421053  14.4
 23.054421053  14.0
 23.156149638  14.0
 23.156149638  14.4
 23.156149638  14.4
 23.156149638  14.0
 23.461576688  14.0
 23.461576688  14.4
 23.461576688  14.4
 23.461576688  14.0
 25.284173644  14.0
 25.284173644  14.4
 25.549410936  14.4
 25.549410936  14.0

#             code : c activity
  1.257509959  14.5
  1.257509959  14.9
  1.257509959  14.9
  1.257509959  14.5
  1.786154834  14.5
  1.786154834  14.9
  1.850309956  14.9
  1.850309956  14.5
  1.999303557  14.5
  1.999303557  14.9
  1.999674597  14.9
  1.999674597  14.5
  3.205150202  14.5
  3.205150202  14.9
  3.298213499  14.9
  3.298213499  14.5
  3.581416982  14.5
  3.581416982  14.9
  3.581416982  14.9
  3.581416982  14.5
  3.683893562  14.5
  3.683893562  14.9
  3.683893562  14.9
  3.683893562  14.5
  4.016348485  14.5
  4.016348485  14.9
  4.151181286  14.9
  4.151181286  14.5
  5.033937929  14.5
  5.033937929  14.9
  5.033937929  14.9
  5.033937929  14.5
  5.178055544  14.5
  5.178055544  14.9
  5.203998708  14.9
  5.203998708  14.5
 24.232353899  14.5
 24.232353899  14.9
 24.232353899  14.9
 24.232353899  14.5
 25.481624027  14.5
 25.481624027  14.9
 25.481624027  14.9
 25.481624027  14.5

#           compiz : q activity

#           compiz : c activity
  1.753696937  15.5
  1.753696937  15.9
  1.827663726  15.9
  1.827663726  15.5
 25.538792993  15.5
 25.538792993  15.9
 25.562234671  15.9
 25.562234671  15.5

#      dbus-daemon : q activity

#      dbus-daemon : c activity
  1.257840919  16.5
  1.257840919  16.9
  1.257840919  16.9
  1.257840919  16.5

#    dconf-service : q activity
 14.063943269  17.0
 14.063943269  17.4
 14.063943269  17.4
 14.063943269  17.0
 25.484615972  17.0
 25.484615972  17.4
 25.484615972  17.4
 25.484615972  17.0

#    dconf-service : c activity

#          firefox : q activity

#          firefox : c activity
 30.986850441  18.5
 30.986850441  18.9
 30.987384237  18.9
 30.987384237  18.5

#            gdbus : q activity

#            gdbus : c activity
 14.064273731  19.5
 14.064273731  19.9
 14.064273731  19.9
 14.064273731  19.5
 25.528746359  19.5
 25.528746359  19.9
 25.564247830  19.9
 25.564247830  19.5

#  gdk-pixbuf-quer : q activity
  1.050760147  20.0
  1.050760147  20.4
  1.050760147  20.4
  1.050760147  20.0

#  gdk-pixbuf-quer : c activity

#             jbd2 : q activity
  0.000002175  21.0
  0.000002175  21.4
  0.002942815  21.4
  0.002942815  21.0
  0.987565041  21.0
  0.987565041  21.4
  1.257860143  21.4
  1.257860143  21.0
  1.488509131  21.0
  1.488509131  21.4
  1.489443675  21.4
  1.489443675  21.0
  1.604897957  21.0
  1.604897957  21.4
  1.605362416  21.4
  1.605362416  21.0
  1.753753417  21.0
  1.753753417  21.4
  1.850319063  21.4
  1.850319063  21.0
  1.999349938  21.0
  1.999349938  21.4
  2.099528616  21.4
  2.099528616  21.0
  2.483827466  21.0
  2.483827466  21.4
  2.564929069  21.4
  2.564929069  21.0
  2.825121008  21.0
  2.825121008  21.4
  2.825439658  21.4
  2.825439658  21.0
  3.162493193  21.0
  3.162493193  21.4
  3.256547424  21.4
  3.256547424  21.0
  3.508538779  21.0
  3.508538779  21.4
  3.640985664  21.4
  3.640985664  21.0
  4.016386567  21.0
  4.016386567  21.4
  4.123818029  21.4
  4.123818029  21.0
  5.034734900  21.0
  5.034734900  21.4
  5.035336089  21.4
  5.035336089  21.0
  5.176252586  21.0
  5.176252586  21.4
  5.178084969  21.4
  5.178084969  21.0
  9.202359171  21.0
  9.202359171  21.4
  9.202822913  21.4
  9.202822913  21.0
  9.894873335  21.0
  9.894873335  21.4
  9.895223689  21.4
  9.895223689  21.0
 14.064322751  21.0
 14.064322751  21.4
 14.064678783  21.4
 14.064678783  21.0
 14.239137079  21.0
 14.239137079  21.4
 14.239500129  21.4
 14.239500129  21.0
 21.002421761  21.0
 21.002421761  21.4
 21.002848120  21.4
 21.002848120  21.0
 23.055067826  21.0
 23.055067826  21.4
 23.055453702  21.4
 23.055453702  21.0
 23.156520979  21.0
 23.156520979  21.4
 23.156806521  21.4
 23.156806521  21.0
 23.462103079  21.0
 23.462103079  21.4
 23.462479792  21.4
 23.462479792  21.0
 25.284590756  21.0
 25.284590756  21.4
 25.703607837  21.4
 25.703607837  21.0
 26.703064956  21.0
 26.703064956  21.4
 26.975069011  21.4
 26.975069011  21.0
 33.034493131  21.0
 33.034493131  21.4
 33.035426450  21.4
 33.035426450  21.0
 41.226617088  21.0
 41.226617088  21.4
 41.241236134  21.4
 41.241236134  21.0
 46.858522188  21.0
 46.858522188  21.4
 46.859289806  21.4
 46.859289806  21.0
 53.002500102  21.0
 53.002500102  21.4
 53.003091180  21.4
 53.003091180  21.0

#             jbd2 : c activity

#           kernel : q activity

#           kernel : c activity
  0.002267139  22.5
  0.002267139  22.9
  0.026299086  22.9
  0.026299086  22.5
  0.267019252  22.5
  0.267019252  22.9
  0.267019252  22.9
  0.267019252  22.5
  1.031505511  22.5
  1.031505511  22.9
  1.307375270  22.9
  1.307375270  22.5
  1.488458362  22.5
  1.488458362  22.9
  1.605311254  22.9
  1.605311254  22.5
  1.807287046  22.5
  1.807287046  22.9
  1.873060459  22.9
  1.873060459  22.5
  2.038480181  22.5
  2.038480181  22.9
  2.130111705  22.9
  2.130111705  22.5
  2.483780488  22.5
  2.483780488  22.9
  2.589585765  22.9
  2.589585765  22.5
  2.825060357  22.5
  2.825060357  22.9
  2.825418656  22.9
  2.825418656  22.5
  3.162428687  22.5
  3.162428687  22.9
  3.162832022  22.9
  3.162832022  22.5
  3.508430636  22.5
  3.508430636  22.9
  3.640930795  22.9
  3.640930795  22.5
  4.367049068  22.5
  4.367049068  22.9
  4.428577009  22.9
  4.428577009  22.5
  4.692712454  22.5
  4.692712454  22.9
  4.692712454  22.9
  4.692712454  22.5
  5.035161913  22.5
  5.035161913  22.9
  5.062161878  22.9
  5.062161878  22.5
  5.387665886  22.5
  5.387665886  22.9
  5.450589296  22.9
  5.450589296  22.5
  6.047416092  22.5
  6.047416092  22.9
  6.047416092  22.9
  6.047416092  22.5
  8.887679787  22.5
  8.887679787  22.9
  8.918966283  22.9
  8.918966283  22.5
  9.202178523  22.5
  9.202178523  22.9
  9.233490194  22.9
  9.233490194  22.5
  9.894821154  22.5
  9.894821154  22.9
  9.895198008  22.9
  9.895198008  22.5
 11.605927012  22.5
 11.605927012  22.9
 11.667201596  22.9
 11.667201596  22.5
 14.064655092  22.5
 14.064655092  22.9
 14.138121137  22.9
 14.138121137  22.5
 14.239037826  22.5
 14.239037826  22.9
 14.266948376  22.9
 14.266948376  22.5
 14.378940224  22.5
 14.378940224  22.9
 14.378940224  22.9
 14.378940224  22.5
 21.002779879  22.5
 21.002779879  22.9
 21.013762910  22.9
 21.013762910  22.5
 23.054866780  22.5
 23.054866780  22.9
 23.183929279  22.9
 23.183929279  22.5
 23.461993395  22.5
 23.461993395  22.9
 23.498314179  22.9
 23.498314179  22.5
 24.229916002  22.5
 24.229916002  22.9
 24.233970638  22.9
 24.233970638  22.5
 25.069618103  22.5
 25.069618103  22.9
 25.472655832  22.9
 25.472655832  22.5
 25.617145116  22.5
 25.617145116  22.9
 25.721804157  22.9
 25.721804157  22.5
 26.702900635  22.5
 26.702900635  22.9
 27.011106479  22.9
 27.011106479  22.5
 30.987321532  22.5
 30.987321532  22.9
 30.987470385  22.9
 30.987470385  22.5
 33.035138718  22.5
 33.035138718  22.9
 33.058697302  22.9
 33.058697302  22.5
 36.107232449  22.5
 36.107232449  22.9
 36.113952209  22.9
 36.113952209  22.5
 41.227060091  22.5
 41.227060091  22.9
 41.241182459  22.9
 41.241182459  22.5
 41.498738825  22.5
 41.498738825  22.9
 41.498738825  22.9
 41.498738825  22.5
 43.992213546  22.5
 43.992213546  22.9
 44.002888441  22.9
 44.002888441  22.5
 44.124518772  22.5
 44.124518772  22.9
 44.159677383  22.9
 44.159677383  22.5
 45.219013894  22.5
 45.219013894  22.9
 45.219326179  22.9
 45.219326179  22.5
 46.859085649  22.5
 46.859085649  22.9
 46.881966626  22.9
 46.881966626  22.5
 49.789627199  22.5
 49.789627199  22.9
 49.789627199  22.9
 49.789627199  22.5
 53.003026227  22.5
 53.003026227  22.9
 53.021476123  22.9
 53.021476123  22.5

#        ksoftirqd : q activity

#        ksoftirqd : c activity
 25.563275737  23.5
 25.563275737  23.9
 25.563330932  23.9
 25.563330932  23.5

#          kworker : q activity
  0.266478108  24.0
  0.266478108  24.4
  0.266478108  24.4
  0.266478108  24.0
  5.387025792  24.0
  5.387025792  24.4
  5.427309619  24.4
  5.427309619  24.0
 30.986390825  24.0
 30.986390825  24.4
 30.986464495  24.4
 30.986464495  24.0
 36.106408592  24.0
 36.106408592  24.4
 36.107399969  24.4
 36.107399969  24.0
 41.226496849  24.0
 41.226496849  24.4
 41.227686134  24.4
 41.227686134  24.0

#          kworker : c activity

#      lsb_release : q activity

#      lsb_release : c activity
  2.852435637  25.5
  2.852435637  25.9
  2.852435637  25.9
  2.852435637  25.5

#    mozStorage #4 : q activity
 45.132713839  26.0
 45.132713839  26.4
 45.132743141  26.4
 45.132743141  26.0

#    mozStorage #4 : c activity

#         nautilus : q activity
 44.107123167  27.0
 44.107123167  27.4
 44.154919615  27.4
 44.154919615  27.0

#         nautilus : c activity

#             pool : q activity
 43.967774233  28.0
 43.967774233  28.4
 44.002659018  28.4
 44.002659018  28.0

#             pool : c activity

#               ps : q activity
  4.354842510  29.0
  4.354842510  29.4
  4.354842510  29.4
  4.354842510  29.0

#               ps : c activity

#  unity-scope-hom : q activity

#  unity-scope-hom : c activity
  1.044675924  30.5
  1.044675924  30.9
  1.044675924  30.9
  1.044675924  30.5

#          upstart : q activity
  4.692545276  31.0
  4.692545276  31.4
  4.692545276  31.4
  4.692545276  31.0

#          upstart : c activity

#          xkbcomp : q activity
 14.072132183  32.0
 14.072132183  32.4
 14.100660658  32.4
 14.100660658  32.0

#          xkbcomp : c activity

#  zeitgeist-daemo : q activity
  0.986576355  33.0
  0.986576355  33.4
  0.986659054  33.4
  0.986659054  33.0
 26.702392714  33.0
 26.702392714  33.4
 26.702450723  33.4
 26.702450723  33.0

#  zeitgeist-daemo : c activity
  1.045371726  33.5
  1.045371726  33.9
  1.045371726  33.9
  1.045371726  33.5

#    zeitgeist-fts : q activity
  1.044223608  34.0
  1.044223608  34.4
  1.307132976  34.4
  1.307132976  34.0
 26.755326228  34.0
 26.755326228  34.4
 27.010718340  34.4
 27.010718340  34.0

#    zeitgeist-fts : c activity

